# This is data-file-1 
# x-column 2 
# y-column 3 
# z = 0.840188 * x + 0.394383 * y + 0.783099
0.79844:0.91165:0.19755:0.33522:0.76823
0.55397&0.47740&0.62887&0.36478&0.51340
0.91620&0.63571&0.71730&0.14160&0.60697
0.24289,0.13723,0.80418,0.15668,0.40094
0.10881 0.99892 0.21826 0.51293 0.83911
0.29603#0.63755#0.52429#0.49358#0.97278
0.77136,0.52674,0.76991,0.40023,0.89153
0.35246&0.80772&0.91903&0.06976&0.94933
0.08606,0.19221,0.66323,0.89023,0.34889
0.02002,0.45770,0.06310,0.23828,0.97063
0.85092#0.26667#0.53976#0.37521#0.76025
0.66772,0.53161,0.03928,0.43764,0.93184
0.72095#0.28429#0.73853#0.63998#0.35405
0.16597:0.44010:0.88008:0.82920:0.33034
0.89337,0.35036,0.68667,0.95647,0.58864
0.85868 0.43956 0.92397 0.39844 0.81477
0.91097&0.48249&0.21582&0.95025&0.92013
0.88106;0.64108;0.43195;0.61960;0.28106
0.30746:0.44703:0.22611:0.18753:0.27623
0.41650:0.16961:0.90680:0.10317:0.12608
0.76048:0.98475:0.93500:0.68445:0.38319
0.36866 0.29416 0.23226 0.58449 0.24441
0.73215;0.12547;0.79347;0.16410;0.74507
0.95010 0.05253 0.52156 0.17621 0.24006
0.73265 0.65656 0.96741 0.63946 0.75973
0.13490#0.52021#0.07823#0.06991#0.20466
0.81968#0.57332#0.75558#0.05194#0.15781
0.20433 0.88996 0.12547 0.99780 0.05406
0.07233&0.00416&0.92307&0.59389&0.18037
0.39169&0.91303&0.81970&0.35910&0.55249
0.45258,0.68739,0.09964,0.53081,0.75729
0.99223,0.57697,0.87761,0.74781,0.62891
0.74780,0.83324,0.92538,0.87327,0.83104
0.74381,0.90337,0.98360,0.66688,0.49726
0.83001:0.88895:0.07699:0.64971:0.24804
0.22914 0.70062 0.31687 0.32878 0.23143
0.63307;0.22366;0.65113;0.51069;0.97147
0.54611:0.71927:0.11328:0.47148:0.59254
0.45092:0.33635:0.84768:0.43451:0.00323
0.59848&0.83324&0.23389&0.67548&0.48295
0.30496&0.71209&0.18256&0.62182&0.04086
0.69598;0.67394;0.63764;0.34712;0.18462
0.62716 0.73073 0.32837 0.74044 0.20221
0.68476,0.65313,0.25727,0.53244,0.08764
0.87738,0.68612,0.09374,0.11128,0.36160
0.59321:0.66656:0.28878:0.77577:0.28838
0.18975;0.98436;0.00358;0.82739;0.33148
0.43650:0.95864:0.91893:0.76487:0.69908
0.68579,0.38383,0.77427,0.94305,0.91627
0.20355 0.79366 0.54804 0.29729 0.90493
0.87398#0.49814#0.57620#0.16276#0.27391
0.49240:0.46366:0.84894:0.49598:0.29105
0.68418 0.72755 0.13906 0.60311 0.49242
0.72425&0.17821&0.22197&0.49853&0.12126
0.36044,0.32481,0.93190,0.90848,0.62210
0.81813 0.49607 0.33497 0.39433 0.65883
0.25891,0.15123,0.07255,0.10785,0.64721
0.28827,0.33139,0.09115,0.42733,0.93449
0.26546;0.65875;0.76178;0.48743;0.15727
0.62567 0.51771 0.20784 0.55756 0.42620
0.39439 0.24433 0.32601 0.72936 0.63865
0.33824:0.89756:0.13607:0.41079:0.00541
0.77439&0.29368&0.11467&0.86553&0.72101
0.44911,0.98647,0.70791,0.21088,0.47389
0.09392;0.09956;0.38290;0.30176;0.65712
0.13170 0.05151 0.05342 0.45772 0.78087
0.44256 0.11911 0.58964 0.57863 0.52990
0.36192:0.30429:0.88872:0.47658:0.16982
0.52575#0.61893#0.59620#0.23366#0.82981
0.09884 0.92373 0.16965 0.48173 0.22549
0.29083:0.35719:0.87828:0.34425:0.81491
0.03633,0.25747,0.77826,0.62596,0.83610
0.22101;0.19802;0.61244;0.10973;0.67461
0.71946,0.20035,0.40119,0.31566,0.43401
0.38575,0.53285,0.15472,0.55540,0.01458
0.38217 0.30541 0.73741 0.26044 0.64966
0.91959#0.68599#0.80979#0.69785#0.31195
0.00600:0.53296:0.84391:0.61845:0.64269
0.40071&0.36215&0.71887&0.80190&0.67781
0.03289;0.06356;0.68572;0.18762;0.61896
0.56783 0.00113 0.00571 0.30524 0.26157
0.85756 0.18116 0.34135 0.66734 0.87901
0.31323&0.88501&0.18626&0.15714&0.50346
0.67565:0.90417:0.19111:0.39452:0.70607
0.54740&0.73896&0.93248&0.23312&0.92658
0.93342,0.49441,0.55257,0.93913,0.79965
0.59450;0.65720;0.99530;0.93585;0.32454
0.58916 0.63777 0.75932 0.77542 0.79491
0.60438:0.47056:0.16695:0.79549:0.86509
0.66441,0.41248,0.61198,0.59690,0.64560
0.14834 0.57902 0.03296 0.70091 0.51815
0.51505&0.11265&0.48981&0.51035&0.04850
0.38466;0.63766;0.45212;0.14398;0.41308
0.40677 0.01746 0.71760 0.57372 0.81295
0.44674&0.47736&0.99516&0.05872&0.07426
0.59728&0.22260&0.21979&0.63024&0.92351
0.46285:0.43856:0.85059:0.95266:0.94891
0.76701,0.33357,0.53674,0.21914,0.47755
0.46617#0.88432#0.96728#0.18377#0.45804
0.76645#0.90478#0.25759#0.76161#0.96350
